[ConversionStage(1)]
MaximumPosition=669461
MotorController=0
MotorNumber=1
OriginDirection=TRUE
Enable=FALSE
Mode=1
CrystalCutAngle=4.723266e+001
CrystalTemperature=1.373203e+003
LinearOffset=-6.491435e+001
AngleOffset=-3.237954e+001
ScrewPitch=5.182360e-001
LeverLength=8.500000e+001
MotorResolution=4800
FineTuning=0.000000e+000
StartFrequency=3000
HighFrequency=12000
RampLength=2600
BacklashSteps=0

[Resonator]
Type=0
GrazingGrooves=2400.000000
LittrowGrooves=2400.000000
GrazingOrder=1
LittrowOrder=0
GrazingAngle=82.000000
LeverLength=120.464800
LinearOffset=-71.861510
AngleOffset=70.344970
ScrewPitch=-0.500000
OriginDirection=FALSE
MaximumPosition=1688633
WavelengthTuning=5.858928e-002
MotorResolution=4800
BacklashSteps=-24000
StartFrequency=3000
HighFrequency=12000
RampLength=2400
MotorController=0
MotorNumber=0

[Controller]
Controller(0)Port=ASRL4::INSTR

[Initialization]
Initialized=FALSE

[BurstScan]
FromPosition=7.294500e+002
ToPosition=7.293500e+002
Increment=4.000000e-004
Points=0
PositionMode=0
ScanMode=0

[TriggeredScan]
FromPosition=0.000000
ToPosition=0.000000
Increment=0.000000
Points=0
Count=0
Repeat=0
PositionMode=0
ScanMode=0

[ConstSpeedScan]
FromPosition=0.000000
ToPosition=0.000000
Speed=0.000000
Repeat=0
PositionMode=0
StartMode=0

[Data(1)]
MaxPointsUsed=10
Enable(0)=TRUE
Enable(1)=TRUE
Enable(2)=TRUE
Enable(3)=TRUE
Enable(4)=TRUE
Enable(5)=TRUE
Enable(6)=TRUE
Enable(7)=TRUE
Enable(8)=TRUE
Enable(9)=TRUE
Lambda(0)=7.270000e+002
Lambda(1)=7.274444e+002
Lambda(2)=7.278888e+002
Lambda(3)=7.283332e+002
Lambda(4)=7.287778e+002
Lambda(5)=7.292223e+002
Lambda(6)=7.296667e+002
Lambda(7)=7.301112e+002
Lambda(8)=7.305555e+002
Lambda(9)=7.310000e+002
Steps(0)=20959
Steps(1)=20418
Steps(2)=19847
Steps(3)=19286
Steps(4)=18695
Steps(5)=18134
Steps(6)=17593
Steps(7)=17032
Steps(8)=16501
Steps(9)=15970

