[ConversionStage(1)]
MaximumPosition=671819
MotorController=0
MotorNumber=1
OriginDirection=TRUE
Enable=TRUE
Mode=1
CrystalCutAngle=4.723266e+001
CrystalTemperature=7.480306e+002
LinearOffset=3.969751e+001
AngleOffset=3.097546e+001
ScrewPitch=5.182360e-001
LeverLength=8.500000e+001
MotorResolution=4800
FineTuning=7.500000e-001
StartFrequency=3000
HighFrequency=12000
RampLength=2600
BacklashSteps=0

[Resonator]
Type=0
GrazingGrooves=1800.000000
LittrowGrooves=1800.000000
GrazingOrder=1
LittrowOrder=1
GrazingAngle=82.000000
LeverLength=120.677300
LinearOffset=-73.276680
AngleOffset=62.059890
ScrewPitch=-0.500000
OriginDirection=FALSE
MaximumPosition=1663378
WavelengthTuning=0.000000
MotorResolution=4800
BacklashSteps=-24000
StartFrequency=3000
HighFrequency=12000
RampLength=2400
MotorController=0
MotorNumber=0

[Controller]
Controller(0)Port=ASRL5::INSTR

[Initialization]
Initialized=FALSE

[BurstScan]
FromPosition=7.317438e+002
ToPosition=7.327438e+002
Increment=1.000000e-001
Points=0
PositionMode=0
ScanMode=0

[TriggeredScan]
FromPosition=0.000000
ToPosition=0.000000
Increment=0.000000
Points=0
Count=0
Repeat=0
PositionMode=0
ScanMode=0

[ConstSpeedScan]
FromPosition=7.293000e+002
ToPosition=7.291000e+002
Speed=1.000000e-003
Repeat=1
PositionMode=0
StartMode=0

[Data(1)]
MaxPointsUsed=15
Enable(0)=TRUE
Enable(1)=TRUE
Enable(2)=TRUE
Enable(3)=TRUE
Enable(4)=TRUE
Enable(5)=TRUE
Enable(6)=TRUE
Enable(7)=TRUE
Enable(8)=TRUE
Enable(9)=TRUE
Enable(10)=TRUE
Enable(11)=TRUE
Enable(12)=TRUE
Enable(13)=TRUE
Enable(14)=TRUE
Lambda(0)=7.289999e+002
Lambda(1)=7.294285e+002
Lambda(2)=7.298571e+002
Lambda(3)=7.302856e+002
Lambda(4)=7.307142e+002
Lambda(5)=7.311429e+002
Lambda(6)=7.315714e+002
Lambda(7)=7.320000e+002
Lambda(8)=7.324285e+002
Lambda(9)=7.328571e+002
Lambda(10)=7.332858e+002
Lambda(11)=7.337143e+002
Lambda(12)=7.341430e+002
Lambda(13)=7.345714e+002
Lambda(14)=7.350000e+002
Steps(0)=46275
Steps(1)=45729
Steps(2)=45153
Steps(3)=44617
Steps(4)=44081
Steps(5)=43555
Steps(6)=43019
Steps(7)=42513
Steps(8)=41947
Steps(9)=41421
Steps(10)=40915
Steps(11)=40359
Steps(12)=39823
Steps(13)=39337
Steps(14)=38791

